-0.00966397895473432
-0.00986689255166186
-0.012726744363389586
-0.01820801882921937
-0.007875544582249152
0.030184312768928776
0.059472938504212515
0.036844085694150576
-0.007854852127480619
-0.00791585697079801
0.026509633362372966
0.024575580801756126
-0.01372081100864523
-0.0181263159893249
0.011380179562946749
0.0011995562328400125
-0.043371491126016744
-0.039592153775209186
-0.0005945830917045114
-0.024425804388175393
-0.08713162993925785
-0.06477971113739668
0.005537683867537026
-0.04622821901650727
-0.1690910234967428
-0.08149018692454453
0.24913022339315188
0.4451626729500033
0.24913022339315188
-0.08149018692454453
-0.1690910234967428
-0.04622821901650727
0.005537683867537026
-0.06477971113739668
-0.08713162993925785
-0.024425804388175393
-0.0005945830917045114
-0.039592153775209186
-0.043371491126016744
0.0011995562328400125
0.011380179562946749
-0.0181263159893249
-0.01372081100864523
0.024575580801756126
0.026509633362372966
-0.00791585697079801
-0.007854852127480619
0.036844085694150576
0.059472938504212515
0.030184312768928776
-0.007875544582249152
-0.01820801882921937
-0.012726744363389586
-0.00986689255166186
-0.00966397895473432
